201 32 389
201 202 568
201 100 922
202 106 1147
202 201 568
202 203 580
203 7 335
203 202 580
203 204 858
203 213 234
204 10 557
204 203 858
204 205 896
205 70 336
205 204 896
205 206 418
205 40 1260
206 210 390
206 205 418
206 207 886
207 71 311
207 206 886
207 208 751
208 8 377
208 207 751
208 209 836
209 208 836
32 201 389
106 202 1147
7 203 335
7 72 376
7 212 655
72 7 376
72 74 439
72 9 418
74 72 439
74 12 734
74 11 1013
9 212 333
9 11 1161
9 72 418
10 204 557
10 212 248
10 70 885
70 205 336
70 73 403
70 10 885
70 210 485
73 70 403
73 75 244
73 211 473
75 73 244
75 17 419
75 24 694
17 75 419
17 24 543
24 211 657
24 17 543
24 75 694
11 74 1013
11 12 661
11 9 1161
12 74 734
12 11 661
71 207 311
71 76 710
8 208 377
8 77 486
76 71 710
77 8 486
210 6 1762
210 211 398
210 70 485
211 210 398
211 24 657
211 73 473
212 9 333
212 7 655
212 10 248
100 213 2064
100 201 922
213 100 2064
213 214 871
213 203 234
214 213 871
214 14 912
14 214 912
14 40 642
40 14 642
40 205 1260